123456789,000000
131130070,123456
131130072,123456
141220009,123456
151220092,123456
151220093,123456
151220094,123456
151220095,123456
151220096,123456
151220097,123456
151220098,123456
151220099,123456
151220100,123456
151220101,123456
151220103,123456
151220104,123456
151220105,123456
151220106,123456
151220107,123456
151220109,123456
151220110,123456
151220112,123456
151220113,123456
151220114,123456
151220115,123456
151220116,123456
151220117,123456
151220118,123456
151220119,123456
151220121,123456
151220123,123456
